sample_id	Trim1_R1_NoReads	Trim1_R1_NoBases	Trim1_R2_NoReads	Trim1_R2_NoBases	Trim2_R1_NoReads	Trim2_R1_NoBases	Trim2_R2_NoReads	Trim2_R2_NoBases
Mcapitata_ATAC_TP10_1095	17628563	2293546136	17628563	2315866551	17624623	2293031361	17624623	2301545278
Mcapitata_ATAC_TP10_1561	18058689	2355982283	18058689	2384700616	18052048	2355124214	18052048	2365377999
Mcapitata_ATAC_TP10_1631	16871566	2268508084	16871566	2288981899	16863182	2267404893	16863182	2264697343
Mcapitata_ATAC_TP11_1076	19873699	2684607844	19873699	2683731062	19873528	2684588499	19873528	2682503057
Mcapitata_ATAC_TP11_1644	17212808	2292419764	17212808	2317809950	17204611	2291356374	17204611	2293773102
Mcapitata_ATAC_TP11_2302	18347539	2474092259	18347539	2473499435	18347436	2474080133	18347436	2472405240
Mcapitata_ATAC_TP12_1120	21366431	3012912405	21366431	3011626718	21366324	3012898184	21366324	3010163244
Mcapitata_ATAC_TP12_1452	20140332	2720581141	20140332	2719622454	20140189	2720564832	20140189	2718393744
Mcapitata_ATAC_TP12_2403	18818682	2668329990	18818682	2666638237	18818577	2668316354	18818577	2665420569
Mcapitata_ATAC_TP1_1037	19614015	2650809209	19614015	2650130999	19613816	2650786704	19613816	2648898805
Mcapitata_ATAC_TP1_1600	10498141	1435203196	10498141	1458129190	10490016	1434092442	10490016	1428060796
Mcapitata_ATAC_TP1_1652	20654221	2799400358	20654221	2798532661	20654064	2799381415	20654064	2797315023
Mcapitata_ATAC_TP3_1101	21553985	2929036424	21553985	2928048994	21553847	2929018848	21553847	2926714297
Mcapitata_ATAC_TP3_1548	17603575	2385018992	17603575	2384520692	17603457	2385006337	17603457	2383465496
Mcapitata_ATAC_TP3_1628	21586709	2906352633	21586709	2906075502	21586579	2906337515	21586579	2904787254
Mcapitata_ATAC_TP4_1108	22173146	3010056387	22173146	3009122931	22172996	3010038374	22172996	3007775275
Mcapitata_ATAC_TP4_1609	20972122	3005465296	20972122	3003625739	20971941	3005442237	20971941	3002112795
Mcapitata_ATAC_TP4_1651	18382448	2499617038	18382448	2499020672	18382318	2499603401	18382318	2497930206
Mcapitata_ATAC_TP5_1196	19047296	2533109975	19047296	2556011402	19042279	2532450798	19042279	2539187279
Mcapitata_ATAC_TP5_1610	24505959	3290321265	24505959	3289796179	24505833	3290306711	24505833	3288254305
Mcapitata_ATAC_TP5_1776	16324844	2136325113	16324844	2168421370	16316868	2135271128	16316868	2143010053
Mcapitata_ATAC_TP6_1114	17881027	2408826635	17881027	2435234154	17873904	2407895569	17873904	2411346746
Mcapitata_ATAC_TP6_1611	23171852	3139696277	23171852	3138915855	23171685	3139675386	23171685	3137461277
Mcapitata_ATAC_TP6_2402	21165638	2872661318	21165638	2872111455	21165486	2872643452	21165486	2870885778
Mcapitata_ATAC_TP7_1058	14975031	2074089616	14975031	2079552105	14975004	2074086395	14975004	2078798798
Mcapitata_ATAC_TP7_1455	20631026	2775663161	20631026	2775226774	20630870	2775645014	20630870	2774004308
Mcapitata_ATAC_TP7_1499	18802456	2619900594	18802456	2625987520	18802419	2619895673	18802419	2624968772
Mcapitata_ATAC_TP8_1083	27056233	3621852688	27056233	3620675858	27056075	3621834954	27056075	3619043275
Mcapitata_ATAC_TP8_1436	16560699	2280297020	16560699	2293067361	16554060	2279398462	16554060	2274103896
Mcapitata_ATAC_TP8_1779	17386382	2314982156	17386382	2331735712	17381179	2314284751	17381179	2317449061
Mcapitata_ATAC_TP9_1121	27015388	3626676963	27015388	3625955201	27015236	3626659939	27015236	3624256985
Mcapitata_ATAC_TP9_1420	18913153	2370637517	18913153	2414597102	18905484	2369650698	18905484	2389959744
Mcapitata_ATAC_TP9_1580	17550235	2313801946	17550235	2341170798	17541419	2312620069	17541419	2316257103
Mcapitata_ATHC_TP10_1204	19767216	2814225910	19767216	2812631579	19767093	2814209379	19767093	2811283750
Mcapitata_ATHC_TP10_2554	16949027	2193542771	16949027	2221163281	16942838	2192723976	16942838	2200517213
Mcapitata_ATHC_TP10_2737	21121913	2810892643	21121913	2810527533	21121754	2810874167	21121754	2809235252
Mcapitata_ATHC_TP11_1237	18453595	2478747305	18453595	2478326109	18453463	2478730587	18453463	2477200746
Mcapitata_ATHC_TP11_2188	19419488	2610543619	19419488	2609911650	19419369	2610530347	19419369	2608683635
Mcapitata_ATHC_TP11_2756	19660914	2636326954	19660914	2635834967	19660796	2636315025	19660796	2634672316
Mcapitata_ATHC_TP12_1154	20632522	2771012916	20632522	2770246771	20632350	2770992865	20632350	2768970106
Mcapitata_ATHC_TP12_2736	18674178	2505097998	18674178	2504747344	18674054	2505084180	18674054	2503599739
Mcapitata_ATHC_TP12_2990	26759213	3852725403	26759213	3850322236	26759042	3852702030	26759042	3848307367
Mcapitata_ATHC_TP1_1218	20721943	2798390535	20721943	2797938794	20721797	2798373789	20721797	2796679436
Mcapitata_ATHC_TP1_1826	16649346	2261370626	16649346	2284324182	16643065	2260516476	16643065	2260775852
Mcapitata_ATHC_TP1_2068	17533720	2404340887	17533720	2412287867	17533690	2404337016	17533690	2411324576
Mcapitata_ATHC_TP3_1544	22205941	3087302005	22205941	3094103554	22205908	3087297518	22205908	3092863677
Mcapitata_ATHC_TP3_2731	19738922	2650081839	19738922	2649313089	19738760	2650065820	19738760	2648090397
Mcapitata_ATHC_TP3_2866	18565730	2445632436	18565730	2467421787	18560248	2444899075	18560248	2449987876
Mcapitata_ATHC_TP4_1221	20774636	2784637443	20774636	2784132654	20774490	2784621890	20774490	2782856606
Mcapitata_ATHC_TP4_2561	18162565	2336701458	18162565	2369030265	18154480	2335642990	18154480	2347418283
Mcapitata_ATHC_TP4_2734	21686731	2951716187	21686731	2951068527	21686571	2951696761	21686571	2949699665
Mcapitata_ATHC_TP5_1229	18837525	2679575064	18837525	2677767755	18837413	2679560474	18837413	2676452415
Mcapitata_ATHC_TP5_1706	18842094	2565974574	18842094	2564975521	18841994	2565962399	18841994	2563905095
Mcapitata_ATHC_TP5_2986	26598621	3818766367	26598621	3816075404	26598419	3818739413	26598419	3814211461
Mcapitata_ATHC_TP6_1212	28174463	3823458583	28174463	3822661436	28174273	3823435303	28174273	3821021380
Mcapitata_ATHC_TP6_2016	19378246	2599035480	19378246	2598458127	19378079	2599017433	19378079	2597270918
Mcapitata_ATHC_TP6_2555	25282961	3397485569	25282961	3396452903	25282766	3397462917	25282766	3394894919
Mcapitata_ATHC_TP7_1223	20765407	2882958650	20765407	2890182217	20765375	2882954803	20765375	2889084049
Mcapitata_ATHC_TP7_2860	18991450	2595394312	18991450	2602999279	18991427	2595391375	18991427	2602035441
Mcapitata_ATHC_TP7_2875	24089116	3382888173	24089116	3390871219	24089087	3382884083	24089087	3389767840
Mcapitata_ATHC_TP8_1260	18764747	2423878977	18764747	2449940791	18757573	2423000850	18757573	2434235100
Mcapitata_ATHC_TP8_2735	22745688	3050482964	22745688	3049860035	22745557	3050468870	22745557	3048460329
Mcapitata_ATHC_TP8_2753	22769882	3257732444	22769882	3255662608	22769722	3257711999	22769722	3254047988
Mcapitata_ATHC_TP9_1148	17594628	2273962702	17594628	2296152295	17589525	2273296100	17589525	2280830237
Mcapitata_ATHC_TP9_2862	19065565	2488031594	19065565	2509968960	19060390	2487359458	19060390	2495109130
Mcapitata_ATHC_TP9_2995	18353018	2527452960	18353018	2541063808	18347949	2526760369	18347949	2523145979
Mcapitata_HTAC_TP10_1315	22928946	3056543120	22928946	3056185197	22928808	3056528256	22928808	3054721440
Mcapitata_HTAC_TP10_1478	16300305	2096173200	16300305	2127846890	16293001	2095209013	16293001	2104063906
Mcapitata_HTAC_TP10_1754	16406115	2184737649	16406115	2213531770	16396574	2183488484	16396574	2186594541
Mcapitata_HTAC_TP11_1248	20345352	2734868267	20345352	2734010078	20345198	2734849287	20345198	2732590667
Mcapitata_HTAC_TP11_1562	19218042	2586907464	19218042	2586480769	19217904	2586891488	19217904	2585329030
Mcapitata_HTAC_TP11_2380	27891468	3738414810	27891468	3737748483	27891292	3738395887	27891292	3736058533
Mcapitata_HTAC_TP12_1632	22507205	3037029073	22507205	3036513492	22507078	3037014273	22507078	3035205308
Mcapitata_HTAC_TP12_1729	20167276	2702172393	20167276	2701775111	20167139	2702156483	20167139	2700571681
Mcapitata_HTAC_TP12_2007	19712265	2637797214	19712265	2637433494	19712138	2637784142	19712138	2636242595
Mcapitata_HTAC_TP1_1579	20771153	2828469847	20771153	2828007455	20770974	2828446511	20770974	2826732244
Mcapitata_HTAC_TP1_2153	24175684	3455798862	24175684	3453232549	24175531	3455777768	24175531	3451588983
Mcapitata_HTAC_TP1_2183	19286752	2613833709	19286752	2640920016	19278110	2612669716	19278110	2612910361
Mcapitata_HTAC_TP3_1289	21542642	2884932140	21542642	2884373133	21542514	2884917829	21542514	2883062637
Mcapitata_HTAC_TP3_1751	18762590	2521597324	18762590	2540804297	18758524	2521044791	18758524	2524772504
Mcapitata_HTAC_TP3_2021	23857543	3186943233	23857543	3186575644	23857364	3186923854	23857364	3185073897
Mcapitata_HTAC_TP4_1269	20641287	2769799689	20641287	2769543375	20641151	2769784095	20641151	2768251389
Mcapitata_HTAC_TP4_1481	20773490	2949461584	20773490	2947389945	20773377	2949446147	20773377	2945989533
Mcapitata_HTAC_TP4_2000	20585517	2792327223	20585517	2791500140	20585315	2792302861	20585315	2790195383
Mcapitata_HTAC_TP5_1321	24107970	3434794629	24107970	3432918762	24107846	3434778432	24107846	3431300773
Mcapitata_HTAC_TP5_1583	21661125	2918554990	21661125	2917550015	21661008	2918541799	21661008	2916284097
Mcapitata_HTAC_TP5_1997	20168412	2715154065	20168412	2714189351	20168236	2715136294	20168236	2712951116
Mcapitata_HTAC_TP6_1496	17241054	2311278069	17241054	2329264956	17236246	2310636012	17236246	2313188481
Mcapitata_HTAC_TP6_1588	17334499	2467091694	17334499	2465442743	17334394	2467077935	17334394	2464309855
Mcapitata_HTAC_TP6_1705	17025352	2310685962	17025352	2329947399	17020328	2310022912	17020328	2312701783
Mcapitata_HTAC_TP7_1278	15888464	2214594616	15888464	2221413644	15888445	2214592215	15888445	2220514151
Mcapitata_HTAC_TP7_1645	22233794	3142906430	22233794	3140904681	22233689	3142892611	22233689	3139501907
Mcapitata_HTAC_TP7_1722	22900097	3082515499	22900097	3081928767	22899976	3082500777	22899976	3080521782
Mcapitata_HTAC_TP8_1235	18012486	2423039591	18012486	2437774318	18006729	2422268317	18006729	2421751641
Mcapitata_HTAC_TP8_2386	17448370	2214588391	17448370	2245049362	17440716	2213605138	17440716	2223731330
Mcapitata_HTAC_TP8_2410	25060915	3357622214	25060915	3356634707	25060704	3357597924	25060704	3354977284
Mcapitata_HTAC_TP9_1306	17352809	2218157594	17352809	2242115871	17348199	2217553214	17348199	2226522437
Mcapitata_HTAC_TP9_1467	20711988	2946593329	20711988	2944435332	20711864	2946576451	20711864	2943106845
Mcapitata_HTAC_TP9_2412	16191553	2198292286	16191553	2220130199	16185879	2197522732	16185879	2198104914
Mcapitata_HTHC_TP10_1074	19716761	2556754539	19716761	2586623198	19711176	2556014770	19711176	2568338113
Mcapitata_HTHC_TP10_1332	27968375	3784228950	27968375	3783002713	27968156	3784201918	27968156	3781350901
Mcapitata_HTHC_TP10_1689	19227035	2731658564	19227035	2729975429	19226931	2731644060	19226931	2728698471
Mcapitata_HTHC_TP11_1178	20281700	2736289152	20281700	2735745648	20281585	2736275690	20281585	2734544148
Mcapitata_HTHC_TP11_1270	21354359	2874583584	21354359	2874227800	21354191	2874563890	21354191	2872879897
Mcapitata_HTHC_TP11_2511	20453653	2903284921	20453653	2901784213	20453504	2903265598	20453504	2900262973
Mcapitata_HTHC_TP12_1140	21392742	2863085954	21392742	2862313808	21392583	2863066401	21392583	2860817694
Mcapitata_HTHC_TP12_1274	20139124	2844803844	20139124	2843289489	20139032	2844791656	20139032	2842019976
Mcapitata_HTHC_TP12_2190	19614878	2651648697	19614878	2651074314	19614717	2651630734	19614717	2649816208
Mcapitata_HTHC_TP1_1145	20012046	2739746282	20012046	2738871419	20011891	2739728219	20011891	2737575048
Mcapitata_HTHC_TP1_1323	16484374	2279698784	16484374	2287533361	16484346	2279695005	16484346	2286592483
Mcapitata_HTHC_TP1_2081	15170149	2068457571	15170149	2077347198	15170121	2068453721	15170121	2076194197
Mcapitata_HTHC_TP3_1128	13684056	1865554439	13684056	1872112233	13684045	1865552838	13684045	1871454094
Mcapitata_HTHC_TP3_1277	21522795	2906283822	21522795	2905380081	21522663	2906269492	21522663	2904042208
Mcapitata_HTHC_TP3_2518	16279538	2182203182	16279538	2206975136	16274155	2181476005	16274155	2186189186
Mcapitata_HTHC_TP4_1124	23738960	3163027630	23738960	3162028381	23738795	3163009117	23738795	3160541933
Mcapitata_HTHC_TP4_1328	18561157	2517910808	18561157	2517234418	18561057	2517898796	18561057	2516137606
Mcapitata_HTHC_TP4_2204	19414995	2689389218	19414995	2697331031	19414966	2689385570	19414966	2696259759
Mcapitata_HTHC_TP5_1345	16874041	2235482584	16874041	2258626072	16866916	2234580120	16866916	2240093405
Mcapitata_HTHC_TP5_1449	18094470	2438106322	18094470	2437669122	18094321	2438088476	18094321	2436580250
Mcapitata_HTHC_TP5_1694	17141966	2307992603	17141966	2307621878	17141851	2307978105	17141851	2306591613
Mcapitata_HTHC_TP6_1164	12756978	1756504459	12756978	1780817183	12748856	1755373153	12748856	1749391955
Mcapitata_HTHC_TP6_1317	13680539	1892859378	13680539	1898323206	13680529	1892858211	13680529	1897680171
Mcapitata_HTHC_TP6_1604	23702946	3381866932	23702946	3379912393	23702776	3381844554	23702776	3378269671
Mcapitata_HTHC_TP7_1126	17362256	2395670530	17362256	2403345638	17362247	2395669342	17362247	2402542961
Mcapitata_HTHC_TP7_1250	18166424	2527641117	18166424	2535896497	18166388	2527636462	18166388	2534738234
Mcapitata_HTHC_TP7_2419	23163612	3137968263	23163612	3137087147	23163434	3137945938	23163434	3135728649
Mcapitata_HTHC_TP8_1082	19178002	2595164328	19178002	2594606364	19177830	2595143909	19177830	2593409084
Mcapitata_HTHC_TP8_1246	10676197	1468885765	10676197	1490216145	10668848	1467865821	10668848	1460776487
Mcapitata_HTHC_TP8_2067	23117913	3271665262	23117913	3269665188	23117744	3271643185	23117744	3268115919
Mcapitata_HTHC_TP9_1078	23908593	3199596170	23908593	3198820571	23908426	3199574275	23908426	3197347117
Mcapitata_HTHC_TP9_1331	16494897	2227972745	16494897	2250700855	16487981	2227039055	16487981	2228449920
Mcapitata_HTHC_TP9_2009	21743239	2920843961	21743239	2920043245	21743044	2920822016	21743044	2918652298
Pacuta_ATAC_TP10_1159	17312774	2322399519	17312774	2348128784	17306027	2321509502	17306027	2325319572
Pacuta_ATAC_TP10_1559	17385466	2295524967	17385466	2317272638	17380954	2294918217	17380954	2300834188
Pacuta_ATAC_TP10_1641	16447356	2149406651	16447356	2180203493	16440478	2148497863	16440478	2157543928
Pacuta_ATAC_TP11_1103	17042557	2281701912	17042557	2303656963	17030587	2280101920	17030587	2276218294
Pacuta_ATAC_TP11_1777	18670100	2509018154	18670100	2508297580	18670058	2509014510	18670058	2507197183
Pacuta_ATAC_TP11_2306	18105875	2434361179	18105875	2433672030	18105812	2434355732	18105812	2432620435
Pacuta_ATAC_TP1_1043	16417145	2267539016	16417145	2273925484	16417119	2267535866	16417119	2273038715
Pacuta_ATAC_TP1_1775	16916972	2300753942	16916972	2324331227	16908284	2299574615	16908284	2295027032
Pacuta_ATAC_TP1_2363	16600363	2186548659	16600363	2214843415	16588981	2185061426	16588981	2187792799
Pacuta_ATAC_TP3_1041	18572130	2564350128	18572130	2574255583	18572106	2564347090	18572106	2573353088
Pacuta_ATAC_TP3_1471	16809554	2261117364	16809554	2290621741	16799384	2259726099	16799384	2259430940
Pacuta_ATAC_TP3_1637	16754858	2275843679	16754858	2297620562	16748860	2275048806	16748860	2275625496
Pacuta_ATAC_TP4_1060	17913397	2338110696	17913397	2370451572	17907072	2337268004	17907072	2348513404
Pacuta_ATAC_TP4_1762	21927051	2956214076	21927051	2955643477	21926970	2956206755	21926970	2954458359
Pacuta_ATAC_TP4_2002	20627724	2792189091	20627724	2791537886	20627671	2792184344	20627671	2790338775
Pacuta_ATAC_TP5_1059	15933631	2153860736	15933631	2153322704	15933582	2153856478	15933582	2152358382
Pacuta_ATAC_TP5_1563	19507638	2635952082	19507638	2635008808	19507571	2635946038	19507571	2633906532
Pacuta_ATAC_TP5_1757	17954250	2420784366	17954250	2448336060	17946356	2419735915	17946356	2422166130
Pacuta_ATAC_TP6_1050	18360506	2558797097	18360506	2566683770	18360483	2558794173	18360483	2565730241
Pacuta_ATAC_TP6_1468	22445104	3023841250	22445104	3023146490	22445066	3023838123	22445066	3021832813
Pacuta_ATAC_TP6_1542	14008980	1960220742	14008980	1964725342	14008970	1960219509	14008970	1964076423
Pacuta_ATAC_TP7_1047	19217133	2662421244	19217133	2670390580	19217076	2662413216	19217076	2669372430
Pacuta_ATAC_TP7_1445	20581731	2763668698	20581731	2763062735	20581671	2763663445	20581671	2761835111
Pacuta_ATAC_TP7_2413	18949186	2626767480	18949186	2635143586	18949169	2626765244	18949169	2634052532
Pacuta_ATAC_TP8_1051	17069972	2323525064	17069972	2340960424	17064794	2322813964	17064794	2322674848
Pacuta_ATAC_TP8_1755	17329558	2303628978	17329558	2323320390	17324174	2302895677	17324174	2305291476
Pacuta_ATAC_TP8_2012	17271164	2170909898	17271164	2203703304	17265300	2170154694	17265300	2184322817
Pacuta_ATAC_TP9_1141	19966119	2623928566	19966119	2654385640	19959651	2623095697	19959651	2633917491
Pacuta_ATAC_TP9_1594	16228670	2192627499	16228670	2217556359	16221473	2191652382	16221473	2192556237
Pacuta_ATAC_TP9_2357	17161596	2282552390	17161596	2306583510	17154141	2281537396	17154141	2283410228
Pacuta_ATHC_TP10_1205	17205312	2234208308	17205312	2265225827	17197528	2233212975	17197528	2244300893
Pacuta_ATHC_TP10_2197	16995181	2325892618	16995181	2347091830	16989500	2325106336	16989500	2325116220
Pacuta_ATHC_TP10_2550	17865213	2409102019	17865213	2425093621	17861849	2408647940	17861849	2410370309
Pacuta_ATHC_TP11_1147	20845115	2965669532	20845115	2963939499	20845080	2965665417	20845080	2962574203
Pacuta_ATHC_TP11_2668	18523059	2487053271	18523059	2486095388	18522977	2487046679	18522977	2485036953
Pacuta_ATHC_TP11_2879	19238757	2586120493	19238757	2585410618	19238670	2586113173	19238670	2584280042
Pacuta_ATHC_TP1_1207	21047015	2858864321	21047015	2858143773	21046920	2858856163	21046920	2856881391
Pacuta_ATHC_TP1_2743	17674876	2344079591	17674876	2363824079	17669049	2343296995	17669049	2346237253
Pacuta_ATHC_TP1_2977	17089036	2346101689	17089036	2354580515	17088999	2346096376	17088999	2353695953
Pacuta_ATHC_TP3_1219	19659389	2607456249	19659389	2630519685	19652667	2606569365	19652667	2612190027
Pacuta_ATHC_TP3_2534	20098984	2868524260	20098984	2866292063	20098931	2868518850	20098931	2864979300
Pacuta_ATHC_TP3_2750	20210338	2741382521	20210338	2740646411	20210280	2741377054	20210280	2739515810
Pacuta_ATHC_TP4_1220	16622988	2223165591	16622988	2240685096	16618496	2222561273	16618496	2224922901
Pacuta_ATHC_TP4_2733	22583746	3179759404	22583746	3177749102	22583681	3179751546	22583681	3176419309
Pacuta_ATHC_TP4_2993	17472011	2278379302	17472011	2306410724	17466405	2277652113	17466405	2288884216
Pacuta_ATHC_TP5_1296	16925784	2226134073	16925784	2246514184	16920353	2225403921	16920353	2229397970
Pacuta_ATHC_TP5_2212	19614726	2636399025	19614726	2635590824	19614621	2636390369	19614621	2634441258
Pacuta_ATHC_TP5_2877	19278123	2488075842	19278123	2525360705	19270214	2487062687	19270214	2502429288
Pacuta_ATHC_TP6_1254	16476249	2206161893	16476249	2229515657	16469803	2205285424	16469803	2206800774
Pacuta_ATHC_TP6_2870	17186126	2316359006	17186126	2336045770	17180396	2315580244	17180396	2316028069
Pacuta_ATHC_TP6_2999	16007456	2141971795	16007456	2163843487	16001242	2141152489	16001242	2143555464
Pacuta_ATHC_TP7_1281	19150453	2594440758	19150453	2593458692	19150329	2594428753	19150329	2592323030
Pacuta_ATHC_TP7_2409	20947353	2953340029	20947353	2961279847	20947327	2953336689	20947327	2960175038
Pacuta_ATHC_TP7_2878	21804685	2998900688	21804685	3010276591	21804645	2998895910	21804645	3008938432
Pacuta_ATHC_TP8_1459	17496146	2351450436	17496146	2381058180	17489472	2350539591	17489472	2355695576
Pacuta_ATHC_TP8_2564	22471032	3033382317	22471032	3032662398	22470954	3033374165	22470954	3031324394
Pacuta_ATHC_TP8_2861	17545511	2304720034	17545511	2329210356	17539842	2304016036	17539842	2313524914
Pacuta_ATHC_TP9_1451	16617154	2224345198	16617154	2246942875	16610853	2223490602	16610853	2225691727
Pacuta_ATHC_TP9_2873	17018620	2215142595	17018620	2235851513	17013497	2214463440	17013497	2219918114
Pacuta_ATHC_TP9_2979	19124506	2479563281	19124506	2508951732	19119345	2478898251	19119345	2492950364
Pacuta_HTAC_TP10_1225	11768750	1602839553	11768750	1626064347	11757720	1601352813	11757720	1593199786
Pacuta_HTAC_TP10_1536	18611586	2493143587	18611586	2515979666	18605138	2492290845	18605138	2496233558
Pacuta_HTAC_TP10_2064	15837806	2152546198	15837806	2181502451	15828223	2151230967	15828223	2148279663
Pacuta_HTAC_TP11_1582	18411090	2472996871	18411090	2472315240	18411028	2472991421	18411028	2471276197
Pacuta_HTAC_TP11_1596	20135934	2718362750	20135934	2717806528	20135872	2718357009	20135872	2716669888
Pacuta_HTAC_TP11_1647	18977343	2583752964	18977343	2582721306	18977284	2583747555	18977284	2581578005
Pacuta_HTAC_TP1_1653	21247931	2878836622	21247931	2877817963	21247823	2878826214	21247823	2876567336
Pacuta_HTAC_TP1_2005	16774615	2260512506	16774615	2288675661	16764717	2259152374	16764717	2256162971
Pacuta_HTAC_TP1_2414	21585329	3079971843	21585329	3084436198	21585312	3079969536	21585312	3083337899
Pacuta_HTAC_TP3_1617	15468595	2068268894	15468595	2085432369	15463013	2067525480	15463013	2068742553
Pacuta_HTAC_TP3_1642	19306096	2593779401	19306096	2593247919	19306035	2593773520	19306035	2592173132
Pacuta_HTAC_TP3_2026	17565176	2354145573	17565176	2386937963	17553178	2352579719	17553178	2355647061
Pacuta_HTAC_TP4_1581	21221005	2863936068	21221005	2863301826	21220923	2863927573	21220923	2862094347
Pacuta_HTAC_TP4_1701	19916494	2707231636	19916494	2706523927	19916422	2707225177	19916422	2705378627
Pacuta_HTAC_TP4_1767	13991210	1942027897	13991210	1947277595	13991196	1942026314	13991196	1946702271
Pacuta_HTAC_TP5_1303	17399114	2347183844	17399114	2365069632	17394015	2346526283	17394015	2350612123
Pacuta_HTAC_TP5_1571	20865617	2802815233	20865617	2801948918	20865496	2802804668	20865496	2800728990
Pacuta_HTAC_TP5_1707	17951028	2417442780	17951028	2416935986	17950953	2417435256	17950953	2415927842
Pacuta_HTAC_TP6_1330	17257280	2231881292	17257280	2262730412	17249593	2230861486	17249593	2239437932
Pacuta_HTAC_TP6_1466	16575353	2223935892	16575353	2242678494	16567417	2222866320	16567417	2220676098
Pacuta_HTAC_TP6_1744	19863069	2769147257	19863069	2774544677	19863055	2769145272	19863055	2773488060
Pacuta_HTAC_TP7_1487	18228526	2522347432	18228526	2530430724	18228500	2522343801	18228500	2529612833
Pacuta_HTAC_TP7_1728	19252427	2768421708	19252427	2771433777	19252416	2768420108	19252416	2770554978
Pacuta_HTAC_TP7_2072	13958980	1932694179	13958980	1938020572	13958955	1932691511	13958955	1937366316
Pacuta_HTAC_TP8_1329	27395036	3714305413	27395036	3713308529	27394924	3714296235	27394924	3711694305
Pacuta_HTAC_TP8_1765	16979123	2245509804	16979123	2268473371	16973243	2244720422	16973243	2249034815
Pacuta_HTAC_TP8_2513	18527663	2464253946	18527663	2490344345	18522192	2463514739	18522192	2470287914
Pacuta_HTAC_TP9_1302	20665263	2775168460	20665263	2774652970	20665216	2775163848	20665216	2773484121
Pacuta_HTAC_TP9_1486	15322510	2103755380	15322510	2108432058	15321345	2103596511	15321345	2103029540
Pacuta_HTAC_TP9_1696	22909871	3107505387	22909871	3106461851	22909802	3107497431	22909802	3105114040
Pacuta_HTHC_TP10_1238	17827988	2406741222	17827988	2425729986	17822575	2406012709	17822575	2406138931
Pacuta_HTHC_TP10_1732	16321902	2184485947	16321902	2207965777	16317220	2183850126	16317220	2188381108
Pacuta_HTHC_TP10_2300	17042429	2274803750	17042429	2299905715	17035352	2273873298	17035352	2275737159
Pacuta_HTHC_TP11_1416	19032592	2556568349	19032592	2555943856	19032436	2556551220	19032436	2554725875
Pacuta_HTHC_TP11_2185	20119075	2722239106	20119075	2721629296	20119006	2722231735	20119006	2720469348
Pacuta_HTHC_TP1_1239	14299184	1955218326	14299184	1961425323	14299173	1955216996	14299173	1960782350
Pacuta_HTHC_TP1_1676	18231778	2329311300	18231778	2362333113	18220664	2327977762	18220664	2341572509
Pacuta_HTHC_TP1_2210	20407817	2762056399	20407817	2761388809	20407750	2762050518	20407750	2760176459
Pacuta_HTHC_TP3_1227	17996253	2447853276	17996253	2463301944	17991522	2447207385	17991522	2446829654
Pacuta_HTHC_TP3_1418	17809370	2412911549	17809370	2432626054	17803072	2412057789	17803072	2411162688
Pacuta_HTHC_TP3_2527	16377593	2240799447	16377593	2253368628	16374772	2240411818	16374772	2240906236
Pacuta_HTHC_TP4_1169	23089283	3078052823	23089283	3077463268	23089159	3078042745	23089159	3076158374
Pacuta_HTHC_TP4_1343	17662352	2441122496	17662352	2448708931	17662337	2441120674	17662337	2447962043
Pacuta_HTHC_TP4_2195	21544388	2864366765	21544388	2863954617	21544306	2864358930	21544306	2862756519
Pacuta_HTHC_TP5_1168	17493759	2372118964	17493759	2396787792	17486464	2371119260	17486464	2370085467
Pacuta_HTHC_TP5_1415	17095627	2390216297	17095627	2395816406	17095608	2390213723	17095608	2394878523
Pacuta_HTHC_TP5_2087	20019296	2713008821	20019296	2712031281	20019242	2713003604	20019242	2710901680
Pacuta_HTHC_TP6_1138	17863764	2485258172	17863764	2491109332	17863738	2485254780	17863738	2490199534
Pacuta_HTHC_TP6_1595	16292829	2273752524	16292829	2279103944	16292810	2273750264	16292810	2278363871
Pacuta_HTHC_TP6_1721	16827502	2282114729	16827502	2304150333	16821746	2281323294	16821746	2281395332
Pacuta_HTHC_TP7_1090	16649224	2280177307	16649224	2287994643	16649211	2280175500	16649211	2287202001
Pacuta_HTHC_TP7_1427	18336608	2537829569	18336608	2544363338	18336582	2537826613	18336582	2543523615
Pacuta_HTHC_TP7_1820	16223153	2274099570	16223153	2279606115	16223124	2274095919	16223124	2278688936
Pacuta_HTHC_TP8_1184	17074330	2196069989	17074330	2225692641	17067749	2195204915	17067749	2204805616
Pacuta_HTHC_TP8_1709	22484156	3046804268	22484156	3046007344	22484079	3046797761	22484079	3044672571
Pacuta_HTHC_TP8_2304	16869090	2287267192	16869090	2310012675	16862537	2286379895	16862537	2287156772
Pacuta_HTHC_TP9_1131	17572953	2270645961	17572953	2304044551	17565264	2269642759	17565264	2281178453
Pacuta_HTHC_TP9_2202	19227679	2574462195	19227679	2597314225	19222925	2573837171	19222925	2580294260
Pacuta_HTHC_TP9_2305	16474480	2159089214	16474480	2185147125	16468016	2158224091	16468016	2162992530
